   6.601135         6.666667    
   6.884272         6.666667    
   7.167408         6.666667    
   7.450546         6.666667    
   7.733683        0.0000000E+00
   8.016820         6.666667    
   8.299957         6.666667    
   8.583094        0.0000000E+00
   8.866231         6.666667    
   9.149368         6.666667    
   9.432505        0.0000000E+00
   9.715642         6.666667    
   9.998779         6.666667    
   10.28192        0.0000000E+00
   10.56505         6.666667    
   10.84819         6.666667    
   11.13133        0.0000000E+00
   11.41446         6.666667    
   11.69760         6.666667    
   11.98074         6.666667    
