   6.620977         10.51852    
   6.926391         2.518518    
   7.231804         2.962963    
   7.537217         1.925926    
   7.842630         1.037037    
   8.148044         25.77778    
   8.453457         3.703704    
   8.758870         3.851852    
   9.064283         9.777778    
   9.369697        0.1481481    
   9.675110        0.1481481    
   9.980523         1.185185    
   10.28594        0.2962963    
   10.59135        0.2962963    
   10.89676         13.48148    
   11.20218        0.7407407    
   11.50759         9.037037    
   11.81300         3.703704    
   12.11842        0.4444444    
   12.42383         8.444445    
