   6.630556         2.518518    
   6.933546         5.185185    
   7.236535         10.81481    
   7.539525         5.629630    
   7.842514         6.518518    
   8.145504         14.37037    
   8.448493         6.518518    
   8.751483         8.444445    
   9.054472         3.407408    
   9.357462        0.4444444    
   9.660451        0.7407407    
   9.963441         1.037037    
   10.26643         1.629630    
   10.56942         2.814815    
   10.87241         3.259259    
   11.17540         4.000000    
   11.47839         5.777778    
   11.78138         5.185185    
   12.08437         5.925926    
   12.38736         5.777778    
